11223
12360
18371
29118
2681
15559
21578
25614
22076
15282
21233
28122
3138
29650
6605
28272
6014
31803
6968
2700
7035
25499
27103
15389
20627
8538
21229
27577
29014
27430
9199
8569
6192
1027
26867
14969
27227
5943
10811
15069
15347
28001
10772
14777
9879
16704
3546
2226
4946
286
5857
15738
20307
22280
22441
10538
12749
12991
17107
14763
5496
874
10597
23619
20232
12997
23881
7133
28508
16289
7871
5963
16066
23274
30177
17894
15638
2744
21537
20324
21194
31087
32276
25235
22030
24732
22626
4073
19023
9054
722
15065
32728
29318
19758
5037
26094
8267
15134
12443
8056
8965
13081
24923
16074
21557
6117
19785
7465
9175
457
25675
31896
587
9097
2212
23990
5979
24881
414
25197
399
31590
5365
749
18605
22897
6732
5668
9613
24788
6381
284
3316
27246
28067
29333
5260
4751
3216
19228
9035
6352
2218
23032
22633
22752
26400
5087
6455
